1000
1001
1002
1003
1083
1084
1085
1107
1108
1111
1112
3430
3485
3486
3490
3491
3492
3493
3494
3495
3497
3500
3501
3502
3503
3504
3505
3510
3511
3513
3514
3516
3521
3569
3768
3769
3770
3771
3772
3773
3774
3808
3834
3841
3842
4062
4063
4064
4080
4081
4082
4108
4109
4110
4111
4112
4113
4124
4125
4126
4129
4130
4130
4131
4132
4133
4134
4135
4136
4137
4138
4139
4140
4141
4142
4151
4158
4180
4181
4182
4183
4224
4225
4327
4328
4329
4330
4678
4678
4737
4737
4738
4738
4792
4800
4801
4809
4810
4811
4812
4813
4814
4815
4816
4823
4842
4866
4933
4942
4949
4950
4951
4952
4961
4962
4980
4982
4983
4985
4986
4987
4988
4994
4995
4996
4997
4998
5000
5001
5002
5004
5006
5007
5008
5010
5011
5014
5015
5018
5019
5021
5022
5024
5025
5026
5027
5028
5029
5030
5031
5032
5033
5034
5035
5050
5051
5088
5089
5090
5091
5092
5093
5094
5096
5097
5098
5099
5100
5111
5142
5152
5153
5154
5155
5160
5162
5163
5165
5166
5167
5168
5169
5234
5260
5261
5279
5280
5281
5282
5291
5292
5293
5296
5298
5299
5301
5302
5305
5307
5308
5318
5319
5320
5321
5325
5326
5327
5350
5351
5352
5353
5356
5357
5359
5361
5361
5366
5369
5380
5384
5408
5449
5449
5575
5576
5577
5791
5792
5850
5862
5938
5939
5940
5941
5942
5943
5944
5945
5948
6094
6095
6115
6116
6117
6163
6259
6260
6261
6262
6346
6347
6351
6352
6441
6442
6464
6465
6466
6467
6472
6518
6550
6588
6630
6635
6656
6657
6658
6780
6781
6782
6783
6784
6785
6786
6907
6908
6910
6939
6943
6944
6945
6946
6947
6948
6949
6950
6951
6953
6954
6955
6956
6958
7053
7054
7104
7106
7107
7107
7109
7110
7114
7264
7265
7266
7267
7410
7411
7412
7413
7419
7421
7449
7452
7453
7537
7599
7600
7601
7605
7606
7608
7609
7634
7635
7636
7637
7638
7639
7641
7643
7644
7646
7648
7649
7650
7651
7653
7654
7655
7656
7657
7658
7659
7660
7662
7663
7664
7665
7666
7667
7668
7669
7671
7672
7673
7674
7675
7677
7678
7679
7680
7681
7682
7683
7684
7686
7687
7688
7689
7693
7694
7695
7699
7700
7712
7713
7714
7715
7716
7717
7829
7847
7879
7880
7943
7985
7986
7987
7988
7989
7990
7991
7993
8183
8212
8213
8214
8316
8317
8318
8319
8347
8408
8409
8420
8421
8422
8423
8424
8425
8426
8427
8428
8429
8430
8431
8452
8453
8454
8480
8588
8589
8590
8591
8592
8593
8594
8596
8597
8598
8599
8600
8601
8602
8603
8675
8676
8677
8678
8716
8717
8718
8881
8882
8989
8990
9011
9012
9014
9015
9016
9038
9039
9059
9062
9063
9084
9112
9121
9122
9123
9124
9161
9162
9163
9166
9171
9172
9176
9177
9178
9179
9180
9260
9262
9297
9298
9299
9300
9301
9302
9403
9404
9405
9406
9500
9613
9614
9616
9732
9733
9734
9735
9736
9737
9738
9800
9801
9904
9905
9905
9906
9907
9908
9975
10004
10063
10113
10114
10115
10116
10117
10118
10119
10120
10121
10122
10123
10124
10126
10127
10164
10228
10268
10269
10328
10341
10342
10343
10344
10345
10356
10357
10358
10359
10360
10361
10362
10363
10364
10365
10366
10367
10461
10462
10463
10464
10465
10466
10467
10483
10484
10485
10498
10510
10511
10512
10513
10514
10515
10516
10519
10526
10527
10528
10529
10530
10596
10597
10598
10599
10600
10602
10604
10605
10617
10618
10619
10620
10621
10622
10623
10624
10625
10626
10627
10633
10634
10635
10644
10645
10646
10647
10648
10649
10650
10651
10652
10653
10654
10655
10657
10658
10660
10661
10662
10663
10664
10665
10666
10668
10669
10672
10673
10674
10675
10676
10677
10678
10679
10681
10682
10683
10685
10686
10694
10695
10702
10703
10704
10705
10714
10715
10716
10717
10718
10719
10720
10721
10722
10723
10724
10725
10726
10728
10733
10734
10735
10736
10737
10744
10745
10746
10747
10748
10749
10750
10751
10752
10753
10754
10755
10756
10757
10758
10762
10763
10764
10765
10766
10767
10771
10772
10773
10774
10775
10781
10782
10783
10793
10795
10796
10797
10798
10799
10800
10804
10805
10806
10807
10808
10816
10817
10822
10823
10824
10825
10826
10829
10830
10831
10832
10833
10835
10836
10843
10844
10847
10848
10849
10850
10851
10856
10857
10858
10860
10861
10861
10862
10863
10864
10865
10866
10867
10868
10869
10870
10871
10872
10873
10874
10876
10877
10878
10879
10880
10881
10882
10885
10886
10887
10889
10890
10891
10892
10894
10895
10896
10897
10898
10899
10900
10901
10902
10903
10904
10905
10906
10907
10917
10918
10919
10920
10925
10927
10928
10929
10930
10935
10936
10938
10940
10941
10942
10943
10985
10986
10987
10988
10989
10990
10991
10992
10993
10994
10995
10996
10997
10998
10999
11000
11001
11001
11002
11003
11003
11004
11004
11005
11006
11008
11009
11010
11011
11012
11013
11014
11015
11016
11017
11018
11019
11020
11021
11022
11023
11024
11025
11026
11027
11028
11029
11030
11031
11035
11036
11037
11040
11041
11042
11043
11044
11045
11046
11047
11048
11051
11052
11053
11054
11055
11056
11064
11065
11066
11067
11068
11069
11070
11071
11072
11073
11080
11081
11089
11090
11091
11092
11093
11094
11106
11107
11108
11109
11110
11111
11112
11113
11114
11115
11116
11123
11124
11125
11126
11127
11128
11130
11131
11132
11134
11135
11136
11138
11139
11140
11141
11142
11143
11144
11145
11146
11147
11148
11149
11150
11151
11152
11153
11154
11155
11158
11159
11160
11161
11162
11163
11164
11165
11166
11167
11168
11169
11170
11171
11173
11174
11175
11176
11177
11178
11179
11180
11181
11182
11184
11185
11186
11187
11188
11189
11191
11192
11198
11199
11200
11201
11202
11203
11204
11205
11206
11207
11208
11209
11210
11211
11212
11213
11214
11215
11216
11219
11220
11221
11222
11223
11224
11225
11226
11239
11240
11241
11242
11243
11244
11255
11256
11257
11258
11259
11260
11261
11262
11263
11264
11265
11266
11267
11268
11269
11270
11271
11272
11273
11274
11275
11276
11277
11278
11290
11291
11292
11293
11294
11295
11296
11297
11298
11299
11300
11301
11302
11303
11304
11306
11307
11308
11309
11310
11311
11312
11313
11314
11316
11317
11318
11319
11320
11321
11322
11324
11325
11326
11327
11328
11329
11330
11331
11332
11333
11334
11335
11336
11347
11349
11350
11351
11352
11355
11356
11357
11358
11359
11360
11361
11362
11363
11364
11365
11368
11376
11377
11378
11379
11380
11381
11382
11383
11384
11385
11386
11387
11388
11389
11390
11391
11392
11393
11397
11398
11399
11400
11401
11402
11403
11407
11408
11409
11410
11411
11413
11414
11415
11416
11417
11419
11420
11421
11422
11423
11427
11428
11429
11431
11433
11435
11437
11438
11439
11440
11442
11443
11444
11452
11453
11454
11455
11456
11457
11458
11459
11460
11463
11464
11465
11466
11467
11468
11469
11470
11471
11474
11479
11480
11481
11482
11483
11484
11485
11486
11487
11489
11490
11491
11495
11496
11497
11498
11499
11500
11502
11503
11504
11505
11508
11509
11510
11511
11512
11513
11514
11517
11518
11519
11526
11527
11528
11529
11530
11532
11533
11534
11535
11536
11542
11543
11544
11545
11546
11547
11548
11549
11550
11551
11552
11553
11554
11555
11560
11561
11562
11563
11565
11569
11570
11571
11572
11573
11574
11575
11576
11577
11578
11579
11580
11588
11589
11590
11591
11592
11593
11594
11595
11596
11597
11598
11606
11607
11608
11609
11616
11617
11618
11632
11633
11634
11635
11636
11637
11638
11639
11640
11641
11642
11643
11644
11645
11653
11654
11661
11662
11663
11664
11669
11670
11671
11672
11673
11675
11676
11677
11678
11679
11680
11682
11683
11684
11685
11690
11691
11692
11693
11694
11695
11698
11699
11700
11701
11702
11703
11704
11705
11713
11722
11723
11724
11725
11726
11727
11729
11730
11732
11734
11741
11742
11743
11744
11746
11749
11750
11751
11751
11752
11753
11754
11768
11769
11770
11771
11772
11773
11774
11775
11776
11777
11778
11779
11780
11781
11782
11783
11784
11785
11786
11787
11788
11789
11790
11791
11792
11794
11795
11796
11796
11797
11798
11800
11801
11803
11804
11805
11811
11812
11814
11815
11818
11819
11820
11821
11826
11827
11828
11829
11833
11834
11836
11837
11838
11839
11840
11843
11844
11845
11846
11847
11848
11849
11850
11851
11852
11853
11859
11860
11861
11862
11863
11868
11869
11870
11871
11872
11879
11880
11882
11884
11884
11885
11891
11892
11893
11894
11895
11896
11897
11902
11903
11915
11916
11917
11918
11919
11922
11923
11925
11926
11927
11928
11929
11930
11931
11932
11933
11934
11935
11940
11941
11942
11943
11944
11945
11946
11947
11948
11949
11954
11958
11959
11960
11961
11962
11963
11964
11965
11966
11967
11972
11973
11974
11975
11976
11977
11978
11979
11980
11981
11982
11983
11984
11990
11991
11992
11994
11998
11999
12000
12001
12002
12003
12005
12010
12011
12012
12013
12014
12015
12021
12022
12023
12024
12025
12027
12029
12030
12031
12032
12033
12034
12035
12036
12037
12038
12039
12040
12041
12042
12043
12045
12046
12047
12048
12049
12050
12051
12057
12058
12059
12061
12063
12064
12065
12066
12067
12070
12071
12072
12075
12075
12076
12077
12078
12079
12080
12082
12083
12085
12086
12088
12090
12091
12092
12093
12094
12095
12096
12097
12098
12099
12100
12101
12102
12103
12104
12106
12107
12108
12109
12111
12117
12118
12120
12121
12122
12123
12126
12127
12129
12131
12132
12133
12134
12135
12136
12137
12138
12141
12143
12144
12146
12149
12150
12153
12154
12155
12156
12157
12158
12159
12161
12162
12163
12164
12165
12166
12168
12177
12179
12180
12181
12182
12184
12185
12186
12188
12189
12190
12191
12192
12193
12194
12195
12197
12199
12200
12201
12202
12203
12204
12205
12206
12207
12208
12209
12210
12211
12212
12213
12214
12215
12216
12217
12218
12219
12220
12221
12222
12223
12224
12227
12228
12230
12231
12232
12233
12234
12235
12237
12238
12239
12240
12241
12242
12243
12246
12247
12250
12252
12255
12256
12257
12258
12260
12261
12262
12263
12264
12265
12266
12267
12268
12269
12270
12271
12272
12273
12275
12276
12277
12278
12281
12282
12283
12284
12285
12287
12288
12289
12294
12295
12296
12297
12298
12304
12305
12306
12307
12308
12309
12310
12311
12312
12313
12314
12316
12317
12318
12319
12320
12321
12322
12323
12324
12325
12326
12328
12330
12331
12332
12333
12334
12340
12342
12343
12344
12345
12346
12347
12348
12349
12350
12351
12352
12353
12354
12356
12357
12361
12362
12363
12364
12367
12368
12370
12371
12372
12373
12374
12375
12376
12377
12382
12383
12384
12385
12386
12388
12389
12390
12391
12392
12393
12395
12396
12397
12398
12399
12408
12410
12411
12412
12413
12417
12419
12420
12421
12425
12428
12431
12432
12433
12435
12436
12437
12438
12439
12441
12447
12448
12449
12450
12457
12458
12459
12460
12462
12463
12465
12466
12467
12468
12469
12470
12471
12472
12483
12484
12485
12485
12486
12487
12488
12494
12495
12496
12497
12498
12499
12500
12501
12510
12511
12512
12513
12514
12515
12516
12517
12518
12519
12520
12525
12526
12527
12529
12530
12531
12532
12533
12537
12538
12539
12540
12541
12542
12543
12544
12547
12548
12550
12551
12553
12555
12558
12559
12569
12574
12575
12576
12577
12580
12581
12582
12585
12586
12587
12588
12589
12590
12591
12592
12593
12594
12595
12596
12596
12598
12599
12601
12604
12609
12610
12611
12612
12613
12614
12618
12619
12620
12632
12634
12635
12646
12647
12648
12649
12653
12654
12656
12657
12658
12672
12679
12680
12681
12682
12687
12688
12689
12691
12692
12693
12694
12696
12698
12699
12700
12701
12703
12704
12705
12706
12707
12709
12711
12712
12713
12714
12715
12716
12717
12718
12719
12720
12721
12723
12724
12725
12726
12727
12728
12729
12730
12731
12732
12733
12734
12736
12737
12738
12739
12740
12741
12742
12743
12744
12745
12746
12747
12748
12750
12751
12752
12753
12754
12755
12758
12761
12762
12763
12764
12765
12767
12768
12769
12770
12771
12773
12774
12775
12776
12777
12778
12779
12780
12780
12781
12782
12783
12783
12784
12785
12786
12787
12788
12789
12794
12795
12796
12798
12799
12800
12801
12802
12803
12803
12803
12804
12805
12806
12807
12808
12809
12810
12811
12812
12813
12814
12816
12817
12818
12819
12820
12821
12822
12829
12830
12831
12832
12836
12837
12838
12840
12841
12842
12843
12844
12845
12846
12847
12848
12850
12851
12852
12853
12856
12858
12859
12860
12861
12862
12864
12865
12866
12867
12868
12869
12871
12872
12873
12874
12878
12885
12889
12890
12891
12892
12893
12894
12895
12896
12902
12903
12905
12907
12908
12909
12910
12911
12912
12914
12920
12921
12922
12923
12924
12926
12927
12928
12929
12932
12934
12935
12936
12940
12941
12942
12947
12948
12949
12950
12951
12951
12952
12953
12954
12955
12956
12956
12963
12965
12966
12968
12969
12974
12975
12976
12977
12979
12981
12982
12983
12984
12985
12986
12994
12995
12998
13000
13002
13003
13004
13005
13006
13007
13008
13009
13010
13011
13012
13014
13015
13016
13017
13018
13019
13020
13021
13022
13023
13024
13025
13026
13027
13028
13029
13039
13040
13041
13043
13044
13046
13047
13048
13049
13053
13054
13056
13057
13060
13061
13062
13063
13064
13065
13073
13075
13076
13077
13079
13081
13082
13083
13083
13084
13085
13086
13088
13089
13090
13091
13091
13092
13094
13095
13096
13097
13098
13099
13099
13101
13102
13103
13104
13104
13105
13112
13113
13115
13116
13117
13118
13119
13120
13122
13123
13124
13125
13126
13127
13128
13129
13130
13131
13132
13133
13134
13135
13136
13137
13138
13139
13140
13141
13142
13143
13144
13145
13147
13148
13150
13151
13152
13153
13156
13157
13161
13163
13164
13165
13166
13167
13169
13174
13175
13177
13179
13180
13181
13184
13185
13186
13187
13188
13189
13190
13221
13222
13224
13294
13295
13499
13511
13705
14728
14744
14750
14751
14778
14779
14780
14781
14782
14783
14803
51102
81289
81526
85063
85183
85269
88180
107210
130157
132711
142247
142256
145536
146798
175484
180749
180843
180854
180895
180917
181055
181515
183051
185649
270104
270234
270238
270243
270252
270256
270258
270259
270263
270265
270267
270271
272453
277886
278718
280608
281888
283128
283132
286296
286302
286303
286429
286756
288152
288302
290632
290636
290676
290979
292773
293700
293710
298996
298997
298998
299214
301241
301242
301243
301244
301354
302026
302027
302031
302047
302233
302430
302431
302668
302706
302829
305091
305142
305144
305987
306008
306463
310194
310268
310269
310271
310274
310431
310811
310812
311060
311335
311336
311337
311338
311646
311679
311749
311750
311785
311859
311869
311870
311872
312337
312358
314993
314994
315000
315096
315097
315594
315595
315596
315597
315598
316086
316087
316088
316165
316167
316168
316517
316686
316687
316713
316714
316716
316717
317099
317238
318674
318750
319017
319057
319065
319066
319067
319176
319182
319183
319230
319242
319628
319629
319664
319665
319743
321309
321310
321312
321313
321326
321480
322317
322345
322675
322676
322704
322785
322857
322858
323131
323148
323307
323357
323575
323834
324666
325056
325058
325154
325175
325176
325285
325414
325419
325509
325615
325638
325639
325640
326015
326457
326478
326575
326575
327918
328713
329965
329998
329999
330000
332473
333903
334283
334478
334840
335920
336379
336380
336381
336384
336385
336510
337847
337977
337979
342138
342295
344154
344387
344388
344389
344390
344391
344396
344397
344404
344405
344407
344408
344409
344411
344414
344414
344416
344417
344458
345038
345125
345189
345310
346934
346967
346969
348251
348294
348330
348332
348333
348334
348341
348344
348358
349325
349400
349401
349402
349416
349417
349418
349421
349425
349426
351547
351548
351549
351550
351791
351824
352148
352266
352288
352315
352613
352614
352711
352712
352814
352815
352816
352817
352818
352819
353147
353242
353245
353391
354985
355192
355226
355321
355343
355376
355624
355738
355739
355754
355755
355772
355773
355776
355778
355779
355780
355785
355788
355795
356336
356434
356539
356542
356550
357266
357375
357388
357389
357390
357391
357399
357421
357559
357563
357564
357565
357566
357567
357568
357569
357570
357577
357601
357602
357603
357604
357667
357672
357898
357926
357958
358061
358062
358228
358297
358314
358325
358326
358328
358329
359069
359147
359148
359151
359158
359193
359194
359196
359197
359198
359201
359202
359204
359205
359206
359210
359211
359212
359630
359803
360099
360100
361092
361114
361115
361116
361117
361123
361124
361125
361126
361127
361128
361130
361131
361132
361133
361134
361145
361146
361381
361418
361433
361606
361609
361610
361624
361628
361633
361725
361726
361727
361728
361757
361770
361782
361783
361784
362142
375727
375729
375730
375731
375733
375734
376082
377738
377852
378535
378863
378884
379870
379871
380171
380209
380243
380480
380579
380580
380620
380621
380626
380627
380628
380629
380630
380633
380958
381211
381285
381286
381288
381299
381300
381301
382181
382182
382310
382691
382696
382704
383101
383148
383229
383232
383233
383234
383238
384559
384663
384935
384936
384937
384938
385060
387150
387151
387153
387561
387694
387699
387700
387701
387702
387703
387961
388101
388101
388102
388104
388185
388234
388251
388550
388827
388828
388830
389045
389067
389138
389144
389219
389220
389223
389244
389247
389266
389268
389269
389270
390771
390782
390786
390889
391104
391184
391200
391234
391284
391287
391621
391678
391692
391762
391960
391964
391965
391981
392207
392242
392244
392245
392246
392371
392385
395797
395798
395799
395801
395827
395859
395860
395861
395863
395864
395878
396244
396399
396400
396437
396452
396470
396851
396852
396853
396875
396901
396927
396928
396947
459488
459491
459563
459565
459566
459567
459569
459682
459683
459703
459704
459705
459707
460480
460481
460622
460623
460624
460628
460629
461067
461198
461272
461530
461532
461577
461623
461624
461626
461870
461871
461881
461882
461883
461884
461885
461886
461927
461928
461929
461930
461931
462162
462180
462181
462182
462189
462232
462279
463078
463343
463419
463420
463421
463422
463423
463424
463425
463426
463430
463437
463438
463501
463502
463503
463504
463505
463506
463507
463512
463513
463514
463515
463517
463518
463519
463520
463521
463777
463778
463781
463782
463901
463902
463903
463904
463958
463970
463971
463972
463973
463974
463975
463976
463977
463979
463995
463998
463999
464000
464001
464002
464029
464030
464031
464203
464204
464205
464206
464209
464365
464366
464367
464368
464369
464370
464371
464374
464388
464389
464390
464391
464392
464408
464737
464739
464741
464742
464754
464814
464815
464816
464845
464858
464860
464861
464862
464863
464864
464868
464888
464892
464894
464895
464896
464937
464938
464939
464940
464941
466083
466148
466149
466150
466151
466152
466153
466154
466156
466157
466158
466159
466490
466518
466519
466520
466973
466974
467027
467796
467797
467798
467799
467810
467904
467905
467906
467908
467909
467911
467912
467913
467916
467946
467947
467948
467949
467950
467953
467954
467955
467956
467957
467962
467963
468235
468236
468237
468403
468406
468407
468435
468441
468442
468443
468444
468445
468446
468447
468466
468467
468468
468472
468473
468474
468475
468477
468478
468865
468866
468867
468869
468870
468871
468872
468873
468874
468875
468877
468878
468881
468882
468883
468885
468886
468887
468888
468889
468890
468891
468892
468893
468894
468895
468896
468897
468898
468900
468901
468902
468903
468905
468906
468908
468910
468912
468913
468915
468916
468917
468918
468919
468920
468921
468922
468923
468924
468926
468927
468928
468929
468931
468932
468934
468935
469561
469701
469709
469710
469722
469761
470047
470127
470128
470143
470144
470148
470179
470375
470390
470421
470423
470428
470431
470432
470461
470479
470481
470483
470484
470485
470486
470700
470793
470799
470808
470809
470810
470813
470814
470830
471032
471033
471034
471035
471036
471037
471048
471074
471075
471076
471077
471078
471079
471080
471082
471083
471084
472307
472308
472338
472339
472573
472574
472575
472576
472599
472600
472601
472655
472656
472674
472675
472676
472680
472681
472691
472692
472693
472694
472695
472921
472922
472964
472965
472966
472969
472979
472980
472981
472982
472983
472984
472985
472986
472987
472988
472989
472990
472991
472992
473022
473023
473024
473055
473317
473383
473766
473822
473994
474004
474006
474593
474604
474825
474830
474836
474837
474838
474839
474840
474841
474842
474843
474844
474848
474897
474898
474899
474900
474903
474904
474951
474952
474953
474954
474955
474956
474957
474958
474959
474960
474961
475159
475160
475162
475163
475164
475304
475305
475307
475311
475448
475449
475450
475452
475459
475485
475501
475502
475503
475504
475505
475506
475507
475508
475512
475513
475514
475515
475516
475517
475522
475523
475550
475551
475552
475553
475554
475785
475787
475788
475789
475790
475791
475793
475795
475810
475811
475812
475813
475814
475815
475816
475817
475818
475923
475925
475926
475927
475929
475958
475959
475990
475991
476005
476006
476011
476012
476013
476014
476238
476240
476275
476289
476290
476291
476292
476293
476295
476739
478072
478076
478077
478097
478650
478653
478655
478656
478665
478667
478671
478672
478674
478677
478679
478708
478709
478710
478712
478713
478714
478715
478716
479197
479360
479363
479365
479384
479400
479401
479402
479464
479465
479466
479483
479484
479489
479490
479491
479492
479493
479494
479495
479534
479535
479536
479537
479538
479574
479576
479577
479578
479579
479585
479586
479588
479589
479591
479593
479939
479940
479988
479989
479992
479993
480022
480023
480024
480025
480054
480055
480057
480058
480060
480062
480064
480066
480067
480068
480069
480071
480073
480081
480411
480517
480560
480562
480564
480572
480575
480576
480620
480621
480622
480623
480624
480625
480630
480631
480633
480634
480635
481767
481768
481770
481802
481803
481805
481806
481808
481816
481841
481850
481860
481938
482399
482400
482401
482402
482407
482434
482442
482458
482459
482460
482461
482468
482477
482478
482479
482480
482489
482496
482510
482511
482512
482513
482514
482515
482756
482798
482799
482800
482801
482802
482804
482805
482914
482915
482916
482917
483136
483194
483195
483196
483197
483198
483213
483322
483326
483336
483345
483355
483356
483357
483359
483360
483510
483511
483512
483513
483514
483515
483517
483518
483519
483520
483800
483806
483810
483811
483812
483817
483824
483826
483827
483836
483852
483854
483866
483867
483872
483886
483887
483888
483889
483890
483918
483920
483923
485340
485341
485342
485349
485350
485351
485352
485364
485369
485371
485372
485373
485457
485828
485983
485984
485985
485988
485991
486004
486005
486006
486051
486053
486054
486056
486057
486068
486471
486480
486537
486690
486691
486708
486709
486710
486732
486740
486770
486771
486772
486773
486774
486785
486786
486787
486788
486789
486790
486791
486904
486905
486907
486908
486909
486911
486913
486914
487266
487279
487295
487476
487550
487578
488012
488013
488014
488017
488125
488126
488127
488129
488132
488152
488161
488162
488163
488165
488178
488179
488180
488182
488195
488196
488197
488198
488212
488213
489618
489719
489722
489723
489724
489725
489726
489729
489730
489732
489734
489736
489791
489792
489794
489795
489796
489797
489813
489819
489850
489851
489853
489854
489855
490120
490121
490122
490124
490125
490147
490167
490243
490318
490567
490568
490569
490570
490572
490573
490574
490580
490584
490586
490590
490591
490651
490652
490705
490715
490749
490943
490957
490972
490974
490975
490976
491138
491143
491146
491220
491221
491222
491223
491224
491225
491226
491407
491409
491475
491477
491478
491479
491480
491482
491490
491491
491492
491493
491494
491507
491508
491509
491510
491511
491512
491513
491514
491516
491519
491527
491532
491534
491537
491540
491541
491542
491562
492605
492629
492777
492781
492812
492814
492815
492860
492861
492862
492863
492864
492865
492867
492868
492869
492870
492871
492874
501180
501231
501281
501283
501285
501287
501814
501937
501942
502240
502251
502258
502268
502274
502280
502288
502291
502299
502361
502779
502935
510439
510442
510446
510449
510457
510464
510466
510469
510473
510481
510582
510586
510591
510595
510603
510606
510608
510610
510612
510616
511123
511127
511160
511162
511165
511166
511230
511422
511423
511955
511958
511960
511961
511962
512176
514882
514884
514885
514964
515010
515318
515407
515471
515588
515590
515591
515593
515594
515597
515599
515602
515725
515726
515727
515728
516280
516281
516282
516283
516284
516285
516306
516307
516308
516309
516328
516333
516406
516450
516612
516613
516615
516616
518110
518169
518177
518448
518449
518450
518451
518523
518526
518539
518540
518541
518542
518543
518544
518546
518547
518563
518588
518589
518590
518591
518592
518593
518594
518600
518601
518602
518603
518604
518605
518606
518607
518608
518639
518897
518898
518900
518945
518950
518986
518987
518988
518989
518992
519026
519043
519085
519424
519426
519427
519429
519430
519435
519488
519489
519490
519491
519492
519496
519533
519534
519535
519536
519537
519538
519541
519542
519543
519544
519545
519546
519549
519565
519821
519839
519887
519888
519907
519911
519912
519913
519914
519915
519916
519917
519940
519948
519949
519950
519951
519952
519953
519954
519959
519994
519995
519996
519997
519998
519999
520082
520083
520085
520086
521601
521602
521661
521662
521663
521664
521665
521666
521667
521672
521676
521677
521678
521692
521979
521980
521993
521999
522019
522036
522037
522038
522039
522040
522041
522049
522050
522051
522052
522053
522054
522055
522056
522307
522407
522481
522483
522806
522910
522911
522913
522914
522967
522989
522990
522991
522992
522993
522994
523013
523014
523015
523016
523017
523018
524045
524112
524143
524414
524422
524423
524472
524479
524505
524506
524507
524508
524509
524510
524511
524512
524513
524514
524527
524528
524529
524530
524531
524532
524535
524536
524537
524538
524539
524541
524542
524549
524550
524551
524554
524555
524556
524557
524558
524559
524560
524574
524797
524798
524799
524872
524873
524874
524875
524876
524878
524914
524926
524927
524928
524929
524930
524931
524932
524933
524935
525172
525173
525174
525204
525210
525211
525212
525220
525221
525222
525226
525227
525228
525229
525230
525231
525246
525247
525248
525271
525272
525556
525567
525568
525569
525570
525571
525579
525611
526536
526537
526538
526539
526540
526541
526542
526543
526547
526550
526553
526554
526555
526556
526557
526558
526559
526561
526564
526575
526576
526577
526578
526579
526580
526581
526582
526589
526590
526620
526621
526622
526624
526625
526626
526628
526629
526630
526637
526902
526903
526904
526905
526906
526907
526908
526927
526951
526957
526958
526959
526960
526966
526967
526968
526969
526970
526971
526973
526974
526975
526976
526977
526978
526981
527001
527011
527012
527013
527014
527025
527026
527241
527242
527243
527244
527245
527252
527353
527354
527355
527356
527357
527358
527359
527360
527361
527362
527363
527364
527367
527368
527369
527370
527371
527372
527373
527374
527375
527395
527422
527423
527471
527479
527864
527865
527866
527867
527868
527869
527870
527871
527896
527897
527898
528459
528460
528464
528468
528469
528470
528471
528472
528478
528482
528513
528524
528525
528554
528555
528556
528561
528563
528571
528921
529661
529666
529706
529766
529996
530015
530016
530017
530018
530019
530095
530098
530099
530100
530101
530102
530141
530142
530145
530147
530148
530150
530151
530153
530154
530155
530157
530158
530171
530172
530178
530186
530187
530190
530192
530193
530194
530195
530198
530199
530200
530201
530202
530203
530204
530207
530243
530244
530245
530247
530544
530545
530548
530549
530550
530551
530552
530553
530554
530556
530558
530563
530572
530583
530585
530599
530600
530601
530602
530603
530604
530605
530606
530607
530608
530609
530610
530611
530612
530613
530614
530615
530616
530668
530680
530928
530988
531017
531049
531050
531051
531052
531053
531054
531055
531128
531129
531130
531131
531346
531358
531367
531368
531370
531371
531372
531373
531383
531384
531385
531386
531474
531475
531476
531479
531480
531481
531483
531486
531487
531488
531489
531490
531491
531493
531505
531506
531536
531538
531568
531569
531571
531572
531573
531574
531576
531582
531584
531585
531601
531602
531605
531606
531607
531636
531981
531982
531983
532028
532029
532030
532031
532032
532033
532034
532047
532052
532069
532094
532096
532098
532107
532129
532147
532148
532149
532150
532151
532152
532153
532154
532157
532176
532177
532178
532191
532206
532207
532208
532229
532316
539146
540380
540382
540383
540385
540388
541778
541779
541780
541782
541922
541925
542133
542136
542138
542935
542936
542937
542938
542939
551281
551286
551289
552791
552792
552798
552799
552959
552995
553002
553003
553004
553009
553015
553023
553024
553297
553298
553299
553302
553330
553331
553334
553558
553623
553889
553890
553891
553892
553895
553897
553898
554041
554423
555527
563251
564427
564604
564702
564760
564761
564763
564764
564765
564883
564885
564889
564890
564891
565175
565259
565542
565720
566141
566142
566144
566145
566151
575780
575890
575891
575892
575894
575895
575896
575899
575902
575903
576007
576008
576010
576011
576012
576015
576026
576036
576037
576172
576360
576370
576378
576688
576690
576942
576956
577001
577002
577004
577005
577185
577186
577191
577236
577244
577252
577257
577260
577261
577263
577264
577266
577269
577271
577280
577281
577283
577284
577317
578080
578081
578082
578541
578543
578545
578648
578652
586026
586033
586034
586298
586613
586614
586618
587005
588127
588789
589150
589155
589343
589466
589467
589468
589470
589471
589472
589473
589560
589561
589562
589681
589682
589684
589821
589824
610274
610275
610277
610283
610285
610287
610654
610708
610711
610741
610876
610877
612010
612011
612013
612016
612017
612018
618699
618719
618721
618727
618733
618750
618751
618756
618858
619671
620198
620200
620201
620202
627256
627257
627259
627260
627262
627263
627690
627692
627693
627864
627865
627866
627867
627870
627971
627992
628047
628048
628050
628051
628052
628053
628214
628220
628221
628222
628225
628262
628349
628408
628414
633122
633266
633316
633380
633383
633392
633405
633541
633542
633818
702888
702895
702899
702901
702909
703783
704008
704009
704010
704012
704013
704014
704015
704016
704085
704087
704089
704090
704091
704092
706787
706788
706804
706806
706808
706809
706810
706923
706944
706945
706948
707008
707047
708831
708832
708930
708931
708932
709329
709330
709331
709332
709334
709381
709506
709507
709508
709509
709511
709512
709515
709516
709518
709519
709521
709566
709567
711259
711263
711314
711425
711431
711433
711437
711439
711440
711441
711442
711449
711473
711474
711475
711476
712968
713049
713294
713344
713364
713365
713366
713494
713495
713496
713497
713499
713503
713514
713515
713516
713522
713523
713524
713535
713536
713537
713542
713600
719059
719085
719088
719090
719092
719100
719102
719103
719135
719136
719138
719139
719140
719142
719143
719228
719229
719230
719231
719232
719233
719234
720787
720789
720790
720791
720792
721907
722059
722082
722083
722125
722133
722135
722137
722138
722139
722140
722142
722198
722199
722200
722202
722203
722204
722207
722208
722210
722212
722213
722214
722215
722217
722218
722219
722220
722233
722256
722372
723528
723530
723531
723532
723533
723534
723660
723679
723680
723687
723689
723690
723709
723710
723711
723724
723725
723726
723727
725128
728960
729115
729116
729117
729151
729152
729154
729155
729162
729937
729938
729939
729940
730181
731902
731903
731905
731907
731910
732183
732570
732573
732576
736775
736776
736777
736912
736914
736916
736918
736988
737292
737447
737554
737555
737556
737558
737559
737677
737701
737704
737705
737706
737707
737708
741786
741834
741848
741850
741852
741853
741854
741859
742022
742024
742025
742026
742027
742028
742030
742033
742034
742046
742047
742051
742126
742130
742131
742132
742133
742136
742137
742140
742144
742245
742246
742247
742248
745471
755667
755705
757978
757979
757982
757983
757985
757986
758002
758396
758397
758398
758399
758414
758417
758432
758433
758514
758515
758516
758517
758561
758572
758608
758609
758611
758613
758614
758662
758663
758664
758665
760470
760471
760504
760505
760506
760507
760759
760781
760867
760869
760870
760961
762790
762794
762795
762797
762798
763240
763300
763301
763302
763303
763304
763305
763306
763416
763417
763418
763420
763421
763428
763430
763496
765213
765214
765215
765216
765418
765429
765430
765432
765436
765440
765493
765496
765497
765502
765531
765532
765533
765534
765535
765552
765553
765554
765630
765644
765645
765679
765680
765681
765682
765683
765684
768855
768856
768858
768862
768863
768864
769406
769409
771042
771043
771044
771045
771046
771047
771049
771050
771052
771053
771054
771056
771057
771409
771444
771461
771462
771463
771464
771465
771482
771502
771503
771504
771505
771506
771507
771509
772948
772949
772990
772991
772992
772993
773008
773009
773010
773062
773063
773064
773065
773066
773067
773068
773070
773071
773100
773112
773113
773114
773134
774249
774344
774345
774346
774347
774349
774403
774405
774406
774407
774408
774422
774499
774567
774569
774579
774587
775644
775645
775646
775647
775648
775887
775888
775891
775892
775894
776014
777123
778535
778536
778543
778545
778547
778553
780608
780749
780750
780751
780752
780753
780754
780755
780767
780772
780775
780777
780799
780813
780888
780890
780891
780892
780893
781635
781639
781676
781687
781690
781691
781692
781799
781800
781801
781802
781803
781805
781806
781812
781813
781814
781815
781843
781851
781853
781971
781972
781973
781974
781976
781977
781979
781980
782002
782003
782004
782022
782023
782024
782026
782027
782034
783079
783259
783262
783271
783272
783273
783274
783275
783276
783282
783364
783369
783370
783371
783372
783373
784457
784498
784499
784500
784501
784502
784514
784515
784517
784519
784545
784546
784547
784548
784549
784556
784557
784558
784559
784561
784565
785438
785439
785440
785441
785442
785443
785444
785524
785525
785526
785577
785579
785580
785581
785582
785583
785587
785588
785589
785590
785592
785618
785719
788689
788723
788724
788726
788727
788748
788749
788750
788751
788817
788818
788819
788820
788822
788834
788896
788898
788899
788900
788901
788902
789740
789776
789780
789781
790755
790757
790759
790761
790762
790771
790774
790870
791099
791100
791102
791123
791124
791125
791127
791128
791129
791201
793263
793264
793265
793266
793267
793505
793638
793639
793640
793641
793649
793650
793651
793652
793653
793661
793662
793670
793671
793672
793673
793697
793698
793700
793701
801858
801859
801860
801861
801862
802068
802069
802070
802181
802182
802183
802184
802185
802186
803137
803138
803139
803140
803304
803317
803318
803319
803320
803322
803323
803324
803325
803326
803409
803418
803419
803420
803421
803422
803423
803424
803425
803426
803428
803433
804248
804260
804263
804264
804265
804268
804419
804420
804455
804462
804502
805174
805180
805213
805215
805216
805217
805218
805222
805224
805225
805226
805233
805234
805235
805238
805241
805243
805244
805245
805251
805359
805360
805362
805363
805364
805365
805366
805367
805377
805379
805384
805385
805386
805444
805460
805479
805480
805481
805513
805545
806236
806237
806238
806239
806321
806322
806323
806393
806394
807294
807295
807296
807297
807299
809703
809704
809712
809715
809716
809743
809744
809745
809746
809747
809748
809749
809750
809751
809778
809787
809788
809789
809790
809834
810487
810488
810489
810490
810491
810492
810493
810502
810508
810509
810510
810511
810512
810514
810515
810516
810526
810527
810528
810529
810532
810562
810565
810566
810567
810568
810572
810573
810574
810575
810576
810577
810578
810580
810591
810602
810603
810611
810614
810628
810629
810630
810631
810632
810634
810635
810638
810639
810640
810653
811135
811136
811159
811173
811227
811228
811229
811230
811239
811316
811806
811861
811863
811864
811865
812028
812074
812099
812112
812113
812114
812115
812118
812119
812120
812124
812126
812155
812156
812158
812159
814452
814468
814472
814556
814569
814570
814571
814597
814598
814599
814600
814604
814611
814624
814625
814627
814628
814630
814631
814632
814633
814634
814635
815566
815683
815684
815686
815703
815704
815705
815706
815707
815734
815755
816240
816241
816242
816243
816244
816245
816247
816262
816263
816264
816265
816266
816267
816268
816269
816270
816271
816273
816274
816285
816395
816396
816397
816401
816403
816404
816431
816445
816458
816459
817134
817135
817136
817137
817138
817139
817140
817331
817389
817391
817402
817403
817404
817433
817435
817436
817437
817438
817450
818369
818371
818372
818390
818527
818531
818559
818568
818569
818570
818571
820470
820515
820602
820603
820604
820606
820607
820608
820609
820610
820612
820613
820864
821303
821304
821305
821307
821308
821310
821311
821313
821314
821316
821521
821598
821599
821600
821601
821602
821603
821604
821605
821636
822317
822320
822342
822343
822344
822345
822346
822357
822358
822359
822360
822361
826978
826979
827050
827052
827053
827425
827453
827746
827747
827748
827749
827752
827753
827754
827756
827757
827758
827759
827760
827761
827762
827799
827800
828083
828084
828085
828086
828087
828104
828105
828106
828107
828108
828125
828133
828134
828136
828137
828138
828139
828142
828143
828144
828145
828152
828153
828154
828218
828241
828242
828243
828244
828245
828246
828257
828258
828260
828261
828268
828284
828285
828286
828304
828312
828611
828613
828614
828662
828663
828718
829019
829021
829022
829023
829025
829153
829154
829155
829156
829167
829170
829171
829172
829173
829174
829189
829190
829191
829200
829213
829217
829230
830598
830682
830683
830721
830724
830730
832753
832754
832755
832756
832757
832758
832874
832875
832876
832877
834158
834160
834161
834162
834203
834222
834240
834242
834250
834328
835269
835420
835421
835422
835423
835499
835500
835501
835502
835503
835507
835520
835521
835522
835523
835524
835568
835570
835571
835606
835659
835662
835663
835664
835665
835666
835667
835681
836551
836556
836561
836562
836563
836564
836565
836568
836569
836570
836572
836573
836574
836575
836577
836579
836580
836581
836604
836630
836647
836706
837445
837446
837448
837449
837450
838168
838169
838171
838210
838236
838237
838239
838240
838241
838242
838255
838262
838263
838264
838273
838274
838275
838276
838315
838316
838317
838332
838333
840003
840124
840125
840126
840127
840128
840129
840142
840143
840146
840151
840192
840194
840195
840196
840197
840198
840199
840200
840201
840202
840239
840265
840632
840633
840634
840635
840636
840637
840658
840659
840660
840661
840729
840743
840747
840748
840749
840750
840808
840809
840810
840811
840812
840826
840827
840828
840829
840830
840831
840832
840833
840834
840864
840865
840866
840867
840868
840870
841238
841241
841250
841291
841292
841293
841294
841298
841299
841300
841328
841367
841820
841821
841856
841860
842140
842141
842142
842143
842144
842145
842146
842236
842238
842240
842243
842244
842245
842246
842331
842348
842356
842357
842358
842359
842360
842441
842442
842443
842444
842445
842446
842447
842449
842450
842451
842452
842453
843359
843360
843363
843436
843446
843447
843448
843449
843450
843451
843453
843454
843456
843457
843458
843460
843468
843469
843470
843472
843481
843482
843484
843485
843486
843487
843488
843489
843491
843492
843507
843843
843844
843845
843866
843894
843895
843944
844211
844212
844216
844217
844218
844219
844220
844227
844264
844265
844266
844270
844318
844319
844320
844321
844339
844346
844357
844358
844359
845844
845889
845890
846322
848870
848872
848873
849762
849770
849772
849947
849997
850012
850130
850132
850134
850747
850749
856576
856614
856621
856622
856623
856624
856625
857614
857615
857752
858461
858464
858465
858466
858508
858625
858644
858646
858654
858657
858661
858662
858664
858666
858667
858669
858754
858755
858757
858759
858760
859610
859611
859649
859651
859652
859653
859654
859665
859672
859680
859681
859682
859683
859684
859685
859728
859729
859731
859751
859769
859812
859814
859815
859817
859821
859822
859823
859824
859887
859888
859889
859895
859898
859899
859900
859901
859902
859903
859904
859905
859906
859908
859934
860307
860320
860326
860327
860328
860329
860347
860378
860380
860393
860394
860397
860398
860399
860400
860790
860791
860792
860793
860795
860796
860797
860801
860804
860807
860808
860818
860819
860824
860826
860829
860837
861018
861019
861022
861023
861030
861032
861035
861076
861099
861102
861106
861107
861109
861113
861115
861117
861118
861128
861130
861140
861153
861154
861156
861157
861261
861262
861279
861280
861290
861293
861295
861296
861297
861299
861303
861305
861306
861307
861308
861336
861382
861383
861385
861386
861389
861391
861392
861393
861394
861395
861429
861430
861431
861432
861447
861475
861498
861499
861601
861602
861812
861892
861893
861894
861896
861897
861898
861899
862929
862994
862995
862996
863161
863162
863163
863165
863180
863181
863182
864005
864006
864007
864009
864010
867074
867076
867232
867237
867254
867255
867256
867259
867260
867261
867262
867275
867793
867812
867900
867921
867922
867924
867981
867982
868006
868062
868063
868065
868066
868067
868070
868072
868084
868845
868863
868864
868866
868868
868869
868871
868872
868873
868896
868897
868898
868899
868902
868908
868946
869653
869661
869662
869690
869727
869733
869735
869797
869818
869819
869820
871828
871941
871942
871965
871968
871978
871979
871986
872446
872532
872533
872534
872535
872578
872580
872590
872591
872592
872599
872602
872607
872659
872708
872709
872710
872711
872712
872713
872714
872715
873088
873172
873174
873175
873306
873307
873308
873310
873311
873313
873314
873315
873316
873317
873318
873319
873660
873745
873746
873747
873773
873843
873849
873855
874259
874260
874261
874262
874263
874265
874266
874267
874268
874270
874271
874303
875868
875877
875991
876026
876027
876037
876064
876066
876078
876204
876613
876694
876695
876698
876705
876706
876718
876719
876721
876722
876726
876727
876767
876772
877385
877478
877486
877549
877576
877577
877579
877580
877583
877603
877604
877605
877606
877607
877609
877617
877618
878046
878073
878074
878078
878184
878243
878244
878267
878694
878695
878696
878732
878733
878736
878814
878821
878854
878895
878896
878897
878898
878952
879001
879952
880444
880502
880534
880542
880561
880562
880568
880571
880573
880574
880666
880667
881603
881604
881964
881989
882044
882181
882182
882183
882184
882185
882186
882187
882188
882805
882935
882941
883071
883754
884012
884013
884014
884015
884165
884166
884167
884780
884975
884977
884978
884979
884980
884981
884982
884983
885002
885005
885007
885008
885009
885165
885166
885167
885168
885304
887113
887114
887115
887763
887764
887765
887766
887767
887768
887769
887786
887788
887853
887854
887855
887856
887859
888463
888525
888526
888535
888538
888539
888635
888642
888650
888651
888652
888653
888654
888655
888656
888657
888659
889201
889208
889209
889210
889211
889212
889213
889214
889215
889216
889222
889230
889610
889611
889612
889613
889614
889805
889843
889874
890311
890312
890313
890314
890315
890353
890385
890386
890387
890388
890389
890406
890407
890408
892061
892063
892064
892065
892066
892164
892194
892210
892539
892540
892580
892590
892591
892596
892597
892661
892662
892697
892732
892970
893059
893063
893071
893096
893112
893128
893129
893130
893131
893553
893597
893648
893649
893650
893651
893652
893677
893678
893679
893680
893681
893711
893854
893877
893905
893946
893950
893951
893955
893965
893990
894422
895079
895189
895191
895194
895195
895199
895200
895202
895203
895232
895233
895527
895528
895529
895532
895547
895653
895654
895655
895661
895663
895671
895681
895702
895703
895705
895706
895707
895708
895738
895906
895947
895988
895996
895997
895998
895999
896014
896033
896034
896035
896036
896037
896038
896039
896042
896043
896044
896045
896046
896047
896048
896049
896050
896051
896052
896053
896054
896056
896057
896058
896059
896062
896064
896065
896066
896067
896070
896098
896100
896342
896343
896391
896392
896393
896394
896395
896397
896398
896399
896400
896401
896405
896424
896463
896691
896693
896701
896769
896772
896773
896774
896905
896940
896941
896953
896954
896955
896957
896958
896959
896960
896995
897007
897012
897013
897073
897074
897075
897076
898953
899001
899009
899010
899011
899012
899013
899346
899459
899460
899461
899491
899492
899516
899517
899518
899519
899520
899593
899594
899595
899596
899607
899608
899609
899610
899617
899635
899638
899639
899664
899665
899932
899933
899938
899939
899940
899941
899995
899996
900020
900021
900022
900023
900024
900026
900027
900040
900066
900069
900078
900079
900080
900083
900084
900085
900086
900087
900088
900089
900122
900312
900411
900413
900414
900422
900423
900424
900425
900426
900436
900437
900439
900448
900453
900454
900455
900456
900457
900458
900459
900460
900461
900462
900463
900464
900466
900467
900634
900635
900637
900705
900706
900707
900714
900715
900716
900717
900718
900748
900750
900751
900752
900753
900754
900758
900759
900760
900761
900762
900763
900764
900765
900766
900767
900768
900796
900797
900799
901813
901939
901940
901941
901942
901955
902110
902114
902150
902152
902162
902180
902196
902197
902201
902204
902206
902207
902209
902245
902273
902488
902490
902496
902636
902659
902660
902718
902727
902728
902729
902730
902731
902732
902733
902734
903120
903195
903196
903197
903198
903199
903200
903201
903202
903205
903206
903207
903209
903210
903211
903211
903212
903490
904749
904766
904807
904808
904816
904817
904818
904819
904821
905115
905183
905204
905206
905321
905322
905349
905350
905351
905352
905531
905703
905705
912847
912849
912850
912851
912852
912853
912855
912856
912857
912859
912939
913175
913233
913235
913237
913307
913365
914113
914114
914115
914116
914134
914135
914183
914184
914201
914345
914346
914348
914350
914352
914353
914358
914360
914363
914373
914374
914377
914410
914411
914475
914476
915083
915086
915089
915090
915091
915092
915093
915094
915095
915096
915098
915112
915125
915126
915128
915129
915130
915133
915134
915146
915264
915269
915270
915271
915307
915370
915371
915372
915373
915374
915391
915392
915393
915394
915395
915407
915910
915911
915912
915913
915914
915915
915948
916051
916065
916081
916082
916137
916188
916189
916190
916191
916192
916193
916195
916196
916197
916198
916651
916773
916797
916807
916935
916944
916945
916946
916947
916957
916958
916959
916960
916961
918492
918493
918497
918511
918543
918544
918545
918575
918578
918900
918929
918930
918931
918932
918939
918940
918941
918943
918970
918987
918988
918989
918990
919057
919058
919083
919084
919085
919086
919087
919089
919101
919102
919103
919104
919111
919117
919118
919119
919129
919130
919131
919132
919142
919160
919161
919162
919163
919618
919624
919634
919718
919784
919785
919786
919789
919790
919791
919792
919793
919794
919795
919852
919853
919854
919855
919856
920464
920465
920467
920469
920470
920471
920472
920554
920555
920560
920600
920602
920603
920604
921151
921163
921191
921331
921365
921368
921385
921386
921387
921389
921418
922080
923186
923187
923188
923189
923190
923192
923633
923636
923696
923697
923698
923699
923704
923705
923710
923714
923728
923732
923733
923734
924142
924145
924170
924218
924225
924230
924232
924246
924248
924257
924262
924276
924277
924608
924609
924610
924628
924631
924632
924634
924643
924682
924683
924706
924712
924713
924714
924715
924716
924718
924719
924720
924721
924726
924727
924740
924746
924747
924752
924769
924770
924771
924772
924774
924775
924780
924781
924782
924783
924789
925155
925217
925258
925259
925260
925261
925263
925264
925265
925266
925267
925268
925269
925270
925271
925278
925279
925280
925281
925282
925656
925714
925755
925757
925760
925762
925765
925766
925767
925768
925769
929632
929653
929659
929660
929661
929734
929743
929750
929754
929755
929756
929757
929758
929759
929760
929785
929865
929866
929867
930292
930449
930450
930451
930452
930453
930454
930455
930456
930464
930466
930467
930497
930510
930842
930859
930899
930900
930901
930902
930904
930923
930924
930928
930929
930930
930957
930960
930964
930977
930978
930979
930980
931008
931009
931010
931011
931026
931029
931036
931037
931038
931039
931040
931041
931042
931043
931051
931058
931117
931118
931119
931120
931121
931124
931129
931130
931132
931133
931158
931168
931174
931175
931176
931177
931184
931185
931186
931187
931192
931193
931194
931195
931919
932056
932057
932058
932059
932060
932061
932120
932464
932465
932466
932467
932469
932528
932529
932536
932539
932541
932542
932543
932544
932545
932546
932561
932621
932645
932663
932671
932681
932692
932702
932703
932901
932902
932903
932904
932905
932906
932907
932908
932909
932910
932912
932913
932915
932920
932921
932922
934320
934321
934322
934323
934381
934383
934390
934395
934396
934397
934398
934443
934499
935158
935234
935355
935356
935357
935358
935361
935373
935381
935399
935408
935410
935411
935789
935791
935796
935894
935903
935904
935905
935963
935970
935971
935985
936017
936023
936041
936043
936044
936045
936046
936047
936048
936049
936050
936051
936052
936073
936111
936313
936315
936316
936318
936320
936321
936322
936325
936326
936327
936334
936335
936386
936398
936399
936403
936404
936405
936406
936407
936408
936610
936642
936643
936646
936647
936650
936652
936655
936656
936657
936659
936672
936674
936675
936679
936702
936839
936841
936853
936854
936859
936866
936867
936877
936885
936891
936903
936905
936951
937552
937553
937554
937555
937599
937600
937634
937635
937636
937643
937644
937645
937646
937647
937657
937658
937660
937661
937662
937665
937666
937667
937668
937684
937685
937686
937687
937688
937689
937692
937693
937694
937695
937696
937697
937714
937721
937724
937880
937887
937888
937889
937911
937912
937988
937991
938004
938016
938023
938036
938037
938038
938041
938042
938043
938054
938055
938056
938067
938069
938090
938095
938096
938097
938106
938121
938125
938128
938158
938159
938160
938161
938740
938741
938742
938743
938744
938745
938754
938758
938772
938773
938774
938775
938776
938778
938779
938781
938876
938877
938878
938879
938880
938930
938951
938952
938954
938955
938956
938957
938961
938963
938970
938991
938992
939085
939086
939087
939088
939089
939096
939103
939104
939105
939123
939127
939128
939129
939130
939143
939150
939151
939152
939153
939154
939155
939156
939166
939167
939168
939170
939171
939172
939173
939179
939181
939182
939183
939184
939185
939186
939187
939188
939189
939197
939198
939199
939201
939202
939203
939204
939205
939206
939207
939208
939209
939210
939211
939212
939216
939217
939218
939219
939220
939221
939222
939223
939230
939235
939236
939311
939313
939314
939319
939330
939334
939338
939341
939347
939359
939361
939362
939376
939381
939399
939400
939477
939500
939503
939505
939506
939515
939516
939518
939522
939523
939524
939525
939526
939527
939528
939534
939541
939550
939551
939552
939553
939555
939561
939562
939563
939564
939565
939566
939567
939568
939569
939570
939571
939572
939573
939574
939575
939576
939583
939584
939586
939753
939754
939755
939756
939757
939758
939762
939763
939764
939765
939768
939769
939770
939771
939772
939773
939774
939779
939780
939810
939825
939826
939827
939834
939835
939839
939840
939841
939842
939850
939851
939867
939957
939959
939963
941117
941118
941119
941120
941285
941286
941287
941315
941337
941342
941343
941344
941345
941346
941347
941348
941349
941350
941360
941361
941362
941364
941366
941455
941491
941493
941518
941519
941666
941684
941685
941686
941687
941689
941694
941695
941696
941705
941706
941707
941708
941709
941710
941798
941805
941808
941898
941901
941902
941915
941918
941919
942327
942328
942329
942341
942346
942353
942362
942379
942380
942399
942413
942414
942415
942416
942423
942504
942509
942510
942511
942534
942545
942547
942548
942549
942550
942552
942553
942555
942556
942565
942567
942568
942569
942570
942571
942572
942573
942585
942593
942594
942595
942596
942610
942619
942621
942669
942670
942685
942693
942702
942703
942720
942856
942865
942866
942867
942868
942869
942870
942871
942872
942873
942926
942927
943100
943107
943108
943489
943490
943491
943492
943493
943496
943497
943511
943512
943513
943582
943583
943584
943585
943586
943587
943588
943589
943593
943596
943597
943598
943599
943600
943601
943602
943603
943605
943606
943607
943609
943620
943621
943625
943627
943628
943629
943630
943633
943634
943635
943655
943656
943657
943782
943827
943833
943862
943863
943865
943866
943868
943873
943874
943875
943876
943884
943885
943886
943887
943888
943890
943892
944006
944033
944050
944061
944062
944063
944064
944065
944077
944078
944079
944226
944232
944241
944242
944243
944244
944245
944246
944247
944248
944249
944250
944251
944252
944254
944255
944260
944307
944311
944320
944331
944336
944337
944374
944376
944845
944902
944917
944926
944939
944950
945051
945073
945074
945075
945076
945077
945078
945079
945103
945109
945110
945136
945139
945141
945145
945242
945248
945249
945250
945251
945252
945253
945254
945255
945256
945257
945278
945281
945282
945283
945298
945300
945301
945304
945306
945307
945315
945319
945320
945321
945322
945323
945324
945325
945326
945327
945328
945329
945330
945331
945332
945333
945334
945335
945336
945338
945339
945340
945341
945345
945347
945348
945349
945350
945351
945352
945353
945357
945358
945360
945361
945362
945363
945368
945381
945481
945523
945524
945525
945526
945527
945528
945529
945530
945547
945554
945555
945574
945575
945716
945717
945718
945759
946351
946464
946468
946469
946470
946471
946500
946502
946503
946510
946511
946512
946513
946514
946515
946519
946540
946541
946542
946543
946546
946645
946646
946657
946658
946660
946662
946663
946664
946665
946666
946667
946668
946669
946670
946671
946672
946702
946709
946710
946713
946725
946732
946733
946734
946735
946736
946737
946738
946739
946740
946741
946744
946756
946757
946758
946759
946760
946761
946762
946764
946767
946768
946769
946770
946771
946777
946778
946780
946781
946783
946788
946789
946790
946791
946792
946911
946912
946913
946964
946972
946973
946974
946984
947112
947136
947142
947147
947148
947149
947150
947151
947158
947159
947560
947567
947568
947570
947571
947572
947847
947849
947884
947981
947982
947983
947984
947985
947986
947991
948005
948025
948026
948040
948041
948042
948043
948044
948055
948063
948069
948070
948071
948072
948073
948074
948081
948082
948083
948084
948085
948086
948087
948088
948089
948090
948092
948093
948095
948096
948097
948162
948166
948181
948182
948194
948195
948199
948200
948201
948202
948203
948204
948205
948206
948207
948209
948220
948224
948225
948226
948229
948230
948231
948343
948344
948349
948354
948368
948369
948394
948396
948398
948399
948400
948789
948808
948809
948810
948820
948821
948836
948837
948839
948840
948843
948844
948897
948909
948910
948911
948913
948914
948921
948926
948930
948935
948936
948937
948956
948957
948959
948969
949114
949115
949116
949117
949134
949135
949136
949145
949147
949148
949150
949151
949165
949181
949184
949186
949187
949188
949189
949190
949199
949200
949201
949202
949203
949215
949217
949218
949219
949220
949221
949222
949223
949300
949301
949302
949334
949335
949346
949358
949360
949362
949363
949367
949368
949369
949370
949371
949375
949376
949378
949420
949421
949422
949424
949536
949545
949547
949548
949556
949557
949558
949562
949568
949569
949570
949571
949572
949888
949889
949890
949893
949900
949940
949947
949948
949949
949950
949951
949982
950018
950019
950020
950021
950022
950123
950138
950171
950175
950176
950177
950186
950188
950280
950281
950282
950283
950289
950290
950291
950292
950293
950294
950297
950298
950333
950334
950335
950336
950337
950338
950339
950340
950341
950345
950346
950347
950355
950357
950358
950359
950360
950361
950362
950369
950370
950371
950374
950391
950392
950393
950394
950395
950396
950448
950449
950455
950475
950476
950477
950487
950523
950534
950535
950553
950619
950622
950628
950629
950630
950631
950632
950638
950639
950652
951014
951021
951034
951035
951056
951060
951061
951066
951067
951150
951151
951167
951171
951172
951173
951177
951188
951189
951190
951191
951196
951197
951198
951214
951215
951216
951217
951218
951266
951267
951268
951269
951270
951271
951272
951273
951274
951275
951276
951277
951279
951280
951281
951286
951287
951297
951324
951327
951338
951342
951343
951344
951346
951347
951351
951352
951354
951355
951356
951360
951361
951366
951367
951368
951369
951371
951372
951373
951374
951375
951376
951377
951378
951379
951408
951478
951495
951496
951497
951498
951499
951502
951503
951504
951505
951509
951512
951513
951514
951515
951523
951524
951525
951526
951527
951528
951529
951534
951536
951537
951538
951574
951575
951578
951580
951581
951582
951583
951584
951585
951586
951641
951642
951643
951654
951655
951671
951672
951673
951674
951677
951678
951680
951681
951682
951684
951685
951686
951687
951690
951691
951692
951702
952110
952129
952130
952131
952132
952133
952135
952136
952138
952139
952140
952141
952142
952143
952144
952145
952147
952148
952149
952150
952152
952153
952154
952155
952158
952160
952161
952162
952163
952165
952171
952172
952173
952185
952186
952187
952188
952201
952202
952203
952204
952285
952301
952302
952303
952304
952312
952315
952338
952463
952467
952470
952471
952472
952473
952474
952475
952476
952477
952478
952479
952480
952481
952482
952483
952484
952485
952486
952488
952489
952496
952499
952500
952501
952614
952621
952622
952624
952625
952629
952630
952631
952634
952640
952641
952643
952644
952671
952751
952752
952753
952754
952755
952756
952757
952761
952765
952766
952781
952782
952784
952787
952794
952795
953062
953063
953064
953065
953092
953093
953139
953144
953148
953149
953150
953153
953164
953168
953266
953268
953304
953305
953306
953307
953308
953309
953323
953418
953419
953420
953421
953424
953425
953426
953427
953428
953429
953430
953432
953448
953449
953450
953472
953473
953474
953475
953476
953477
953478
953481
953485
953495
953576
953600
953602
953603
953604
953605
953606
953671
953673
953674
953676
953677
953678
953680
953681
953683
953715
953716
953726
953853
953854
953856
953872
953873
953874
953875
953877
953878
953879
953880
953907
953908
953926
953929
953938
953964
953967
953968
953969
953971
953972
953973
953974
953975
953976
954354
954384
954385
954386
954387
954389
954390
954391
954403
954405
954406
954429
954430
954431
954447
954448
954449
954450
954540
954545
954546
954547
954558
954559
954560
954567
954585
954586
954587
954588
954589
954590
954591
954593
954594
954596
954597
954598
954599
954600
954601
954602
954611
954612
954613
954626
954627
954628
954629
954630
954631
954632
954633
954667
954748
954756
954757
954758
954759
954760
954761
954762
954763
954771
954772
954773
954774
954775
954776
954777
954778
954789
954804
954805
954806
954818
954819
954820
954821
954822
954823
954829
954830
954832
954833
954834
954836
954837
954838
954839
954840
954842
954844
954845
954846
954849
954850
954851
954871
954872
954873
954874
954886
954888
955025
955029
955030
955031
955032
955033
955042
955050
955055
955057
955058
955060
955161
955195
955196
955197
955198
955199
955200
955201
955222
955230
955231
955232
955233
955242
955243
955244
955245
955252
955253
955254
955255
955256
955257
955258
955263
955267
955270
955656
955657
955658
955659
955660
955661
955662
955664
955665
955666
955667
955701
955717
955718
955719
955720
955721
955722
955723
955732
955733
955734
955735
955736
955737
955738
955739
955740
955752
955753
955754
955758
955762
955764
955765
955842
955845
955851
955854
955855
955856
955857
955860
955861
955862
955893
955894
955895
955897
955898
955899
955900
955901
955903
955907
955908
955910
955911
955912
955915
955916
955917
955918
955919
955920
955939
955941
955942
955943
955944
955950
955951
955952
955957
955958
955963
955965
955966
955967
955968
955969
955970
955972
955980
955981
955993
955994
955995
955996
955997
956285
956286
956287
956288
956289
956290
956291
956292
956293
956294
956295
956296
956297
956298
956299
956300
956301
956302
956303
956304
956305
956306
956307
956308
956309
956310
956311
956312
956313
956314
956333
956351
956476
956480
956481
956482
956486
956495
956496
956497
956501
956530
956531
956919
957004
957012
957013
957014
957027
957029
957030
957040
957043
957127
957132
957134
957142
957143
957144
957146
957147
957148
957159
957160
957161
957162
957163
957164
957165
957166
957168
957169
957175
957176
957177
957178
957180
957203
957204
957205
957206
957208
957209
957210
957211
957342
957349
957350
957351
957352
957363
957364
957367
957368
957369
957370
957372
957373
957374
957375
957376
957377
957378
957379
957400
957409
957410
957412
957413
957414
957419
957420
957421
957424
957513
957514
957517
957519
957525
957555
957556
957562
957563
957564
957565
957566
957572
957573
957578
957579
957580
957581
957582
957583
957588
957593
957598
957599
957608
957609
957610
957611
957612
957613
957614
957615
957633
957638
957641
957642
957643
957644
957646
957649
957653
957654
957666
957667
957668
957669
957671
957676
957677
957679
957690
957729
957730
957741
957742
957743
957744
957745
957746
957750
957751
957752
957753
957758
957759
957820
957825
957826
957827
957828
957829
957830
957831
957832
957833
957860
957862
957864
957865
957866
957867
957868
957869
957871
957902
957903
957904
957905
958288
958291
958298
958304
958309
958310
958311
958312
958313
958316
958324
958325
958327
958328
958329
958330
958331
958351
958352
958363
958364
958365
958372
958373
958374
958375
958376
958377
958378
958391
958493
958494
958502
958503
958504
958517
958521
958522
958523
958524
958525
958526
958527
958528
958529
958535
958536
958537
958538
958539
958540
958549
958550
958551
958554
958555
958566
958567
958568
958569
958570
958771
958779
958781
958782
958783
958784
958785
958786
958787
958788
958789
958796
958802
958803
958804
958805
958813
958821
958822
958823
958824
958825
958826
958827
958828
958829
958830
958831
958832
958833
958945
958946
958947
958948
958956
958964
958965
958966
958997
958998
958999
959042
959043
959129
959130
959132
959133
959149
959150
959154
959155
959159
959160
959162
959174
959180
959182
959206
959207
959212
959215
959216
959221
959224
959225
959227
959241
959244
959245
959246
959258
959675
959688
959689
959723
959724
959725
959726
959727
959749
959752
959753
959754
959755
959756
959757
959758
959759
959894
959895
959896
959944
959969
959973
959974
959987
959995
959996
959997
959998
959999
960000
960001
960004
960006
960027
960031
960035
960038
960148
960149
960150
960160
960161
960162
960163
960164
960165
960166
960167
960168
960178
960180
960181
960185
960190
960191
960192
960240
960246
960247
960248
960249
960266
960267
960268
960269
960270
960274
960288
960290
960292
960293
960294
960295
960306
960322
960329
960330
960331
960332
960333
960334
960335
960336
960338
960339
960340
960349
960350
960351
960352
960353
960354
960355
960356
960357
960358
960359
960360
960364
960397
960398
960399
960418
960469
960470
960471
960474
960475
960476
960477
960478
960479
960480
960481
960482
960495
960496
960507
960509
960510
960513
960514
960515
960518
960519
960520
960521
960567
960568
960574
960584
960585
960586
960587
960588
960589
960595
960597
960598
960611
960651
960652
960663
960777
960783
960784
960804
960805
960806
960807
960818
960821
960822
960823
960833
960843
960844
960845
960858
960859
960860
960861
960876
960877
960878
960879
960880
960881
960882
960883
960884
960888
960890
960891
960892
960893
960894
960897
960899
960900
960901
960902
960903
960904
960905
960909
960913
960951
961096
961097
961365
961366
961367
961368
961369
961370
961371
961391
961399
961408
961416
961426
961562
961563
961564
961565
961579
961580
961591
961592
963254
963257
963258
963265
963281
963286
963288
963507
963508
963557
963637
963638
963639
963640
963641
963642
963643
963644
963647
963648
963649
963650
963671
963694
963695
963696
963697
963698
963708
963711
963721
963726
963727
963728
963729
963730
963731
963732
963733
963734
963738
963739
963905
963917
963918
963931
964232
964233
964234
964238
964239
964247
964248
964268
964277
964283
964285
964286
964287
964288
964289
964290
964291
964294
964306
964311
964313
964321
964429
964436
964438
964439
964448
964465
964468
964469
964470
964471
964472
964478
964487
964488
964492
964493
964588
964589
964591
964592
964593
964602
964603
964604
964605
964606
964633
964634
964635
964636
964637
964638
964642
964684
964685
964686
964687
964688
964689
964690
964691
964692
964694
964695
964696
964697
964698
964699
964700
964703
964859
965047
965048
965049
965099
965166
965681
965682
965683
965684
965686
965692
965719
965720
965721
965722
965723
965724
965817
965818
965819
965820
965821
965823
965825
965826
965827
965828
965848
965864
965865
965866
965867
965868
965869
965884
965885
965958
965959
965969
965970
966006
966016
966017
966021
966022
966023
966024
966026
966028
966029
966030
966031
966032
966035
966036
966040
966044
966045
966046
966047
966048
966049
966051
966052
966053
966055
966163
966167
966196
966197
966198
966199
966200
966206
966207
966215
966231
966309
966331
966332
966333
966343
966344
966345
966346
966347
966348
966349
966350
966351
966352
966353
966354
966358
966360
966886
966898
966899
966901
966902
966906
967027
967079
967105
967121
967122
967148
967316
967364
967489
967490
967491
967530
967532
967536
967538
967539
967660
967661
967662
967667
